 GFunction for borehole field from TRNSYS calc
 NrBoreholes:           4
 Rb:   2.00000000000000     
 *Log(t/tES); g-Value:
 -9.7132  0.0398
 -9.0201  0.1482
 -8.6146  0.2571
 -8.3269  0.3607
 -8.1038  0.4602
 -7.9214  0.5564
 -7.7673  0.6496
 -7.6338  0.7398
 -7.5160  0.8272
 -7.4106  0.9117
 -7.3153  0.9935
 -7.2283  1.0725
 -7.1482  1.1490
 -7.0741  1.2231
 -7.0051  1.2947
 -6.9406  1.3641
 -6.8800  1.4314
 -6.8228  1.4966
 -6.7688  1.5598
 -6.7175  1.6213
 -6.6687  1.6809
 -6.6222  1.7389
 -6.5777  1.7953
 -6.5351  1.8502
 -6.4943  1.9036
 -6.4551  1.9557
 -6.4174  2.0065
 -6.3810  2.0560
 -6.3459  2.1043
 -6.3120  2.1515
 -6.2792  2.1975
 -6.2475  2.2425
 -6.2167  2.2866
 -6.1868  2.3296
 -6.1578  2.3718
 -6.1297  2.4130
 -6.1023  2.4535
 -6.0756  2.4931
 -6.0496  2.5319
 -6.0243  2.5699
 -5.9996  2.6072
 -5.9755  2.6439
 -5.9520  2.6798
 -5.9290  2.7151
 -5.9065  2.7498
 -5.8846  2.7838
 -5.8631  2.8173
 -5.8420  2.8502
 -5.8214  2.8825
 -5.8012  2.9143
 -5.7814  2.9456
 -5.7620  2.9764
 -5.7429  3.0067
 -5.7242  3.0365
 -5.7059  3.0659
 -5.6878  3.0948
 -5.6701  3.1233
 -5.6528  3.1514
 -5.6357  3.1791
 -5.6189  3.2064
 -5.6023  3.2333
 -5.5861  3.2598
 -5.5701  3.2860
 -5.5543  3.3118
 -5.5388  3.3372
 -5.5235  3.3624
 -5.5085  3.3871
 -5.4937  3.4116
 -5.4791  3.4358
 -5.4647  3.4596
 -5.4505  3.4832
 -5.4365  3.5065
 -5.4227  3.5295
 -5.4091  3.5522
 -5.3957  3.5747
 -5.3825  3.5969
 -5.3694  3.6188
 -5.3565  3.6405
 -5.3437  3.6619
 -5.3312  3.6831
 -5.3187  3.7040
 -5.3065  3.7248
 -5.2944  3.7453
 -5.2824  3.7656
 -5.2705  3.7856
 -5.2589  3.8055
 -5.2473  3.8251
 -5.2359  3.8446
 -5.2246  3.8638
 -5.2134  3.8829
 -5.2023  3.9017
 -5.1914  3.9204
 -5.1806  3.9389
 -5.1699  3.9572
 -5.1593  3.9753
 -5.1488  3.9933
 -5.1385  4.0110
 -5.1282  4.0287
 -5.1181  4.0461
 -5.1080  4.0634
 -5.0981  4.0805
 -5.0882  4.0975
 -5.0785  4.1143
 -5.0688  4.1310
 -5.0592  4.1475
 -5.0498  4.1639
 -5.0404  4.1802
 -5.0311  4.1963
 -5.0218  4.2122
 -5.0127  4.2281
 -5.0037  4.2437
 -4.9947  4.2593
 -4.9858  4.2747
 -4.9770  4.2901
 -4.9683  4.3052
 -4.9596  4.3203
 -4.9510  4.3352
 -4.9425  4.3500
 -4.9341  4.3648
 -4.9257  4.3793
 -4.9174  4.3938
 -4.9092  4.4082
 -4.9010  4.4224
 -4.8929  4.4366
 -4.8849  4.4506
 -4.8769  4.4645
 -4.8690  4.4784
 -4.8612  4.4921
 -4.8534  4.5057
 -4.8457  4.5192
 -4.8380  4.5327
 -4.8304  4.5460
 -4.8228  4.5592
 -4.8154  4.5723
 -4.8079  4.5854
 -4.8005  4.5983
 -4.7932  4.6112
 -4.7859  4.6240
 -4.7787  4.6367
 -4.7716  4.6493
 -4.7644  4.6618
 -4.7574  4.6742
 -4.7504  4.6866
 -4.7434  4.6988
 -4.7365  4.7110
 -4.7296  4.7231
 -4.7228  4.7351
 -4.7160  4.7471
 -4.7093  4.7590
 -4.7026  4.7708
 -4.6959  4.7825
 -4.6893  4.7941
 -4.6828  4.8057
 -4.6762  4.8172
 -4.6698  4.8286
 -4.6633  4.8400
 -4.6570  4.8513
 -4.6506  4.8625
 -4.6443  4.8736
 -4.6380  4.8847
 -4.6318  4.8957
 -4.6256  4.9067
 -4.6194  4.9176
 -4.6133  4.9284
 -4.6073  4.9391
 -4.6012  4.9498
 -4.5952  4.9605
 -4.5892  4.9710
 -4.5833  4.9815
 -4.5774  4.9920
 -4.5715  5.0024
 -4.5657  5.0127
 -4.5599  5.0230
 -4.5541  5.0332
 -4.5484  5.0434
 -4.5427  5.0535
 -4.5370  5.0635
 -4.5314  5.0735
 -4.5258  5.0834
 -4.5202  5.0933
 -4.5147  5.1032
 -4.5092  5.1129
 -4.5037  5.1227
 -4.4983  5.1323
 -4.4928  5.1420
 -4.4875  5.1515
 -4.4821  5.1611
 -4.4768  5.1705
 -4.4715  5.1800
 -4.4662  5.1893
 -4.4609  5.1987
 -4.4557  5.2079
 -4.4505  5.2172
 -4.4453  5.2264
 -4.4402  5.2355
 -4.4351  5.2446
 -4.4300  5.2537
 -4.4249  5.2627
 -4.4199  5.2716
 -4.4149  5.2805
 -4.4099  5.2894
 -4.4049  5.2982
 -4.4000  5.3070
 -4.3951  5.3158
 -4.3902  5.3244
 -4.3853  5.3331
 -4.3805  5.3417
 -4.3757  5.3503
 -4.3709  5.3589
 -4.3661  5.3674
 -4.3613  5.3758
 -4.3566  5.3842
 -4.3519  5.3926
 -4.3472  5.4009
 -4.3426  5.4092
 -4.3379  5.4175
 -4.3333  5.4258
 -4.3287  5.4339
 -4.3241  5.4421
 -4.3196  5.4502
 -4.3150  5.4583
 -4.3105  5.4663
 -4.3060  5.4743
 -4.3016  5.4823
 -4.2971  5.4902
 -4.2927  5.4982
 -4.2882  5.5060
 -4.2839  5.5139
 -4.2795  5.5217
 -4.2751  5.5294
 -4.2708  5.5372
 -4.2665  5.5449
 -4.2622  5.5525
 -4.2579  5.5601
 -4.2536  5.5678
 -4.2494  5.5753
 -4.2451  5.5829
 -4.2409  5.5904
 -4.2367  5.5978
 -4.2326  5.6053
 -4.2284  5.6127
 -4.2243  5.6201
 -4.2201  5.6274
 -4.2160  5.6348
 -4.2119  5.6421
 -4.2079  5.6493
 -4.2038  5.6566
 -4.1998  5.6638
 -4.1957  5.6709
 -4.1917  5.6781
 -4.1877  5.6852
 -4.1838  5.6923
 -4.1798  5.6994
 -4.1759  5.7064
 -4.1719  5.7134
 -4.1680  5.7204
 -4.1641  5.7274
 -4.1602  5.7343
 -4.1564  5.7412
 -4.1525  5.7481
 -4.1487  5.7549
 -4.1449  5.7617
 -4.1410  5.7685
 -4.1372  5.7753
 -4.1335  5.7820
 -4.1297  5.7887
 -4.1259  5.7954
 -4.1222  5.8021
 -4.1185  5.8088
 -4.1148  5.8154
 -4.1111  5.8220
 -4.1074  5.8285
 -4.1037  5.8351
 -4.1001  5.8416
 -4.0964  5.8481
 -4.0928  5.8546
 -4.0892  5.8610
 -4.0856  5.8675
 -4.0820  5.8739
 -4.0784  5.8803
 -4.0748  5.8866
 -4.0713  5.8929
 -4.0678  5.8993
 -4.0642  5.9055
 -4.0607  5.9118
 -4.0572  5.9181
 -4.0537  5.9243
 -4.0502  5.9305
 -4.0468  5.9367
 -4.0433  5.9428
 -4.0399  5.9490
 -4.0364  5.9551
 -4.0330  5.9612
 -4.0296  5.9673
 -4.0262  5.9733
 -4.0228  5.9794
 -4.0195  5.9854
 -4.0161  5.9914
 -4.0128  5.9974
 -4.0094  6.0033
 -4.0061  6.0093
 -4.0028  6.0152
 -3.9995  6.0211
 -3.9962  6.0269
 -3.9929  6.0328
 -3.9896  6.0386
 -3.9864  6.0444
 -3.9831  6.0502
 -3.9799  6.0560
 -3.9766  6.0618
 -3.9734  6.0675
 -3.9702  6.0733
 -3.9670  6.0790
 -3.9638  6.0846
 -3.9606  6.0903
 -3.9575  6.0960
 -3.9543  6.1016
 -3.9511  6.1072
 -3.9480  6.1128
 -3.9449  6.1184
 -3.9418  6.1239
 -3.9386  6.1295
 -3.9355  6.1350
 -3.9325  6.1405
 -3.9294  6.1460
 -3.9263  6.1515
 -3.9232  6.1570
 -3.9202  6.1624
 -3.9171  6.1678
 -3.9141  6.1732
 -3.9111  6.1786
 -3.9081  6.1840
 -3.9051  6.1894
 -3.9021  6.1947
 -3.8991  6.2000
 -3.8961  6.2053
 -3.8931  6.2106
 -3.8902  6.2159
 -3.8872  6.2212
 -3.8843  6.2264
 -3.8813  6.2316
 -3.8784  6.2369
 -3.8755  6.2421
 -3.8726  6.2473
 -3.8697  6.2524
 -3.8668  6.2576
 -3.8639  6.2627
 -3.8610  6.2679
 -3.8581  6.2729
 -3.8553  6.2781
 -3.8524  6.2831
 -3.8496  6.2882
 -3.8467  6.2932
 -3.8439  6.2983
 -3.8411  6.3033
 -3.8383  6.3083
 -3.8355  6.3133
 -3.8327  6.3183
 -3.8299  6.3232
 -3.8271  6.3282
 -3.8243  6.3331
 -3.8216  6.3381
 -3.8188  6.3430
 -3.8160  6.3479
 -3.8133  6.3527
 -3.8106  6.3576
 -3.8078  6.3625
