 GFunction for borehole field from TRNSYS calc
 NrBoreholes:           4
 Rb:   2.00000000000000     
 *Log(t/tES); g-Value:
-10.2886  0.0398
 -9.5954  0.1484
 -9.1899  0.2575
 -8.9023  0.3613
 -8.6791  0.4611
 -8.4968  0.5575
 -8.3427  0.6509
 -8.2091  0.7414
 -8.0913  0.8291
 -7.9860  0.9139
 -7.8907  0.9959
 -7.8037  1.0753
 -7.7236  1.1521
 -7.6495  1.2264
 -7.5805  1.2984
 -7.5160  1.3681
 -7.4553  1.4357
 -7.3982  1.5012
 -7.3441  1.5648
 -7.2928  1.6265
 -7.2440  1.6864
 -7.1975  1.7447
 -7.1531  1.8014
 -7.1105  1.8566
 -7.0697  1.9103
 -7.0305  1.9627
 -6.9927  2.0138
 -6.9564  2.0635
 -6.9213  2.1121
 -6.8874  2.1596
 -6.8546  2.2060
 -6.8228  2.2513
 -6.7921  2.2956
 -6.7622  2.3390
 -6.7332  2.3814
 -6.7050  2.4229
 -6.6776  2.4636
 -6.6510  2.5035
 -6.6250  2.5425
 -6.5997  2.5809
 -6.5750  2.6184
 -6.5509  2.6554
 -6.5274  2.6916
 -6.5044  2.7271
 -6.4819  2.7620
 -6.4599  2.7963
 -6.4384  2.8300
 -6.4174  2.8632
 -6.3967  2.8958
 -6.3765  2.9278
 -6.3567  2.9594
 -6.3373  2.9904
 -6.3183  3.0209
 -6.2996  3.0511
 -6.2812  3.0807
 -6.2632  3.1099
 -6.2455  3.1386
 -6.2281  3.1670
 -6.2110  3.1948
 -6.1942  3.2224
 -6.1777  3.2495
 -6.1614  3.2762
 -6.1454  3.3027
 -6.1297  3.3287
 -6.1142  3.3544
 -6.0989  3.3797
 -6.0839  3.4048
 -6.0691  3.4295
 -6.0545  3.4538
 -6.0401  3.4780
 -6.0259  3.5018
 -6.0119  3.5252
 -5.9981  3.5485
 -5.9845  3.5714
 -5.9711  3.5941
 -5.9578  3.6165
 -5.9448  3.6387
 -5.9319  3.6605
 -5.9191  3.6822
 -5.9065  3.7036
 -5.8941  3.7248
 -5.8818  3.7457
 -5.8697  3.7664
 -5.8577  3.7870
 -5.8459  3.8072
 -5.8342  3.8273
 -5.8227  3.8471
 -5.8112  3.8668
 -5.7999  3.8862
 -5.7888  3.9055
 -5.7777  3.9245
 -5.7668  3.9434
 -5.7560  3.9621
 -5.7453  3.9806
 -5.7347  3.9989
 -5.7242  4.0171
 -5.7139  4.0351
 -5.7036  4.0529
 -5.6934  4.0706
 -5.6834  4.0880
 -5.6734  4.1054
 -5.6636  4.1226
 -5.6538  4.1396
 -5.6442  4.1564
 -5.6346  4.1732
 -5.6251  4.1897
 -5.6157  4.2062
 -5.6064  4.2225
 -5.5972  4.2386
 -5.5881  4.2547
 -5.5790  4.2705
 -5.5701  4.2863
 -5.5612  4.3019
 -5.5524  4.3173
 -5.5436  4.3328
 -5.5350  4.3480
 -5.5264  4.3631
 -5.5179  4.3782
 -5.5094  4.3930
 -5.5011  4.4078
 -5.4928  4.4224
 -5.4845  4.4369
 -5.4764  4.4514
 -5.4683  4.4657
 -5.4602  4.4800
 -5.4523  4.4941
 -5.4444  4.5080
 -5.4365  4.5220
 -5.4287  4.5358
 -5.4210  4.5494
 -5.4134  4.5630
 -5.4058  4.5766
 -5.3982  4.5900
 -5.3907  4.6032
 -5.3833  4.6166
 -5.3759  4.6297
 -5.3686  4.6427
 -5.3613  4.6557
 -5.3541  4.6685
 -5.3469  4.6813
 -5.3398  4.6939
 -5.3327  4.7065
 -5.3257  4.7191
 -5.3187  4.7315
 -5.3118  4.7438
 -5.3050  4.7562
 -5.2981  4.7683
 -5.2913  4.7804
 -5.2846  4.7924
 -5.2779  4.8045
 -5.2713  4.8163
 -5.2647  4.8281
 -5.2581  4.8399
 -5.2516  4.8516
 -5.2451  4.8631
 -5.2387  4.8746
 -5.2323  4.8861
 -5.2260  4.8975
 -5.2197  4.9087
 -5.2134  4.9200
 -5.2072  4.9312
 -5.2010  4.9423
 -5.1948  4.9534
 -5.1887  4.9643
 -5.1826  4.9753
 -5.1766  4.9861
 -5.1706  4.9969
 -5.1646  5.0077
 -5.1587  5.0184
 -5.1528  5.0290
 -5.1469  5.0394
 -5.1411  5.0499
 -5.1353  5.0604
 -5.1295  5.0708
 -5.1238  5.0811
 -5.1181  5.0913
 -5.1124  5.1015
 -5.1068  5.1117
 -5.1012  5.1218
 -5.0956  5.1318
 -5.0901  5.1418
 -5.0846  5.1517
 -5.0791  5.1616
 -5.0736  5.1714
 -5.0682  5.1812
 -5.0628  5.1909
 -5.0575  5.2006
 -5.0521  5.2103
 -5.0468  5.2199
 -5.0415  5.2293
 -5.0363  5.2388
 -5.0311  5.2482
 -5.0259  5.2577
 -5.0207  5.2669
 -5.0156  5.2762
 -5.0104  5.2855
 -5.0054  5.2947
 -5.0003  5.3038
 -4.9953  5.3130
 -4.9902  5.3220
 -4.9853  5.3311
 -4.9803  5.3400
 -4.9754  5.3489
 -4.9704  5.3578
 -4.9656  5.3667
 -4.9607  5.3755
 -4.9558  5.3843
 -4.9510  5.3930
 -4.9462  5.4017
 -4.9415  5.4103
 -4.9367  5.4189
 -4.9320  5.4274
 -4.9273  5.4359
 -4.9226  5.4445
 -4.9179  5.4530
 -4.9133  5.4613
 -4.9087  5.4697
 -4.9041  5.4780
 -4.8995  5.4864
 -4.8949  5.4945
 -4.8904  5.5028
 -4.8859  5.5110
 -4.8814  5.5191
 -4.8769  5.5273
 -4.8725  5.5354
 -4.8680  5.5434
 -4.8636  5.5513
 -4.8592  5.5594
 -4.8548  5.5673
 -4.8505  5.5751
 -4.8461  5.5830
 -4.8418  5.5909
 -4.8375  5.5987
 -4.8332  5.6065
 -4.8290  5.6142
 -4.8247  5.6219
 -4.8205  5.6296
 -4.8163  5.6373
 -4.8121  5.6448
 -4.8079  5.6524
 -4.8038  5.6600
 -4.7996  5.6675
 -4.7955  5.6750
 -4.7914  5.6825
 -4.7873  5.6898
 -4.7832  5.6973
 -4.7792  5.7046
 -4.7751  5.7120
 -4.7711  5.7193
 -4.7671  5.7266
 -4.7631  5.7339
 -4.7591  5.7410
 -4.7552  5.7483
 -4.7512  5.7553
 -4.7473  5.7626
 -4.7434  5.7697
 -4.7395  5.7767
 -4.7356  5.7838
 -4.7317  5.7909
 -4.7279  5.7979
 -4.7240  5.8048
 -4.7202  5.8118
 -4.7164  5.8187
 -4.7126  5.8256
 -4.7088  5.8325
 -4.7051  5.8393
 -4.7013  5.8461
 -4.6976  5.8530
 -4.6939  5.8597
 -4.6901  5.8664
 -4.6864  5.8732
 -4.6828  5.8798
 -4.6791  5.8866
 -4.6754  5.8932
 -4.6718  5.8998
 -4.6682  5.9064
 -4.6645  5.9131
 -4.6609  5.9196
 -4.6574  5.9261
 -4.6538  5.9326
 -4.6502  5.9391
 -4.6467  5.9455
 -4.6431  5.9520
 -4.6396  5.9584
 -4.6361  5.9648
 -4.6326  5.9712
 -4.6291  5.9776
 -4.6256  5.9839
 -4.6221  5.9902
 -4.6187  5.9965
 -4.6152  6.0028
 -4.6118  6.0090
 -4.6084  6.0152
 -4.6050  6.0214
 -4.6016  6.0276
 -4.5982  6.0337
 -4.5948  6.0399
 -4.5915  6.0460
 -4.5881  6.0521
 -4.5848  6.0581
 -4.5815  6.0642
 -4.5781  6.0702
 -4.5748  6.0763
 -4.5715  6.0823
 -4.5683  6.0882
 -4.5650  6.0942
 -4.5617  6.1001
 -4.5585  6.1060
 -4.5552  6.1120
 -4.5520  6.1179
 -4.5488  6.1238
 -4.5456  6.1296
 -4.5424  6.1354
 -4.5392  6.1412
 -4.5360  6.1470
 -4.5328  6.1528
 -4.5297  6.1585
 -4.5265  6.1643
 -4.5234  6.1699
 -4.5202  6.1756
 -4.5171  6.1813
 -4.5140  6.1870
 -4.5109  6.1926
 -4.5078  6.1982
 -4.5047  6.2039
 -4.5017  6.2095
 -4.4986  6.2150
 -4.4955  6.2206
 -4.4925  6.2262
 -4.4895  6.2316
 -4.4864  6.2371
 -4.4834  6.2426
 -4.4804  6.2481
 -4.4774  6.2536
 -4.4744  6.2591
 -4.4715  6.2644
 -4.4685  6.2698
 -4.4655  6.2753
 -4.4626  6.2807
 -4.4596  6.2860
 -4.4567  6.2913
 -4.4538  6.2967
 -4.4508  6.3020
 -4.4479  6.3073
 -4.4450  6.3126
 -4.4421  6.3179
 -4.4392  6.3231
 -4.4364  6.3284
 -4.4335  6.3336
 -4.4306  6.3388
 -4.4278  6.3439
 -4.4249  6.3491
 -4.4221  6.3543
 -4.4193  6.3595
 -4.4164  6.3646
 -4.4136  6.3697
 -4.4108  6.3748
 -4.4080  6.3799
 -4.4052  6.3850
 -4.4025  6.3900
 -4.3997  6.3951
 -4.3969  6.4002
 -4.3942  6.4052
 -4.3914  6.4101
 -4.3887  6.4151
 -4.3859  6.4201
 -4.3832  6.4252
